# -------------- VM  version 1.1 ------------- #
#                                              #
# 42 / filler VM Developped by: Hcao - Abanlin #
#                                              #
# -------------------------------------------- #
launched ./bsausage.filler
$$$ exec p1 : [./bsausage.filler]
Plateau 15 17:
    01234567890123456
000 .................
001 .................
002 .................
003 .................
004 .................
005 .................
006 .................
007 .OO.......X......
008 .OO.......X......
009 ......XXXXXX.....
010 .....XXX..X......
011 .......X..XXXXX..
012 ..........X......
013 ..........X......
014 ..........X......
Piece 1 4:
.***


make_heat_map ENEMY OK
 9  9  8  7  7  7  7  7  7  7  7  7  7  7  7  7  7 
 8  8  8  7  6  6  6  6  6  6  6  6  6  6  6  6  6 
 7  7  7  7  6  5  5  5  5  5  5  5  5  5  5  5  6 
 6  6  6  6  6  5  4  4  4  4  4  4  4  4  4  5  6 
 6  5  5  5  5  5  4  3  3  3  3  3  3  3  4  5  5 
 5  5  4  4  4  4  4  3  2  2  2  2  2  3  4  4  5 
 5  4  4  3  3  3  3  3  2  1  1  1  2  3  3  4  5 
 5  M  M  3  2  2  2  2  2  1  0  1  2  2  3  4  4 
 5  M  M  2  2  1  1  1  1  1  0  1  1  2  3  3  3 
 5  4  3  2  1  1  0  0  0  0  0  0  1  2  2  2  2 
 5  4  3  2  1  0  0  0  1  1  0  1  1  1  1  1  2 
 5  4  3  2  1  1  1  0  1  1  0  0  0  0  0  1  2 
 5  4  3  2  2  2  1  1  1  1  0  1  1  1  1  1  2 
 5  4  3  3  3  2  2  2  2  1  0  1  2  2  2  2  2 
 5  4  4  4  3  3  3  3  2  1  0  1  2  3  3  3  3 


make_heat_map PLAYER OK
 7  7  7  7  7  7  7  7  7  7  8  9 10 11 12 13 14 
 6  6  6  6  6  6  6  6  6  7  8  9 10 11 12 13 14 
 5  5  5  5  5  5  5  5  6  7  8  9 10 11 12 13 14 
 4  4  4  4  4  4  4  5  6  7  8  9 10 11 12 13 14 
 3  3  3  3  3  3  4  5  6  7  8  9 10 11 12 13 14 
 2  2  2  2  2  3  4  5  6  7  8  9 10 11 12 13 14 
 1  1  1  1  2  3  4  5  6  7  8  9 10 11 12 13 14 
 1  0  0  1  2  3  4  5  6  7  8  9 10 11 12 13 14 
 1  0  0  1  2  3  4  5  6  7  8  9 10 11 12 13 14 
 1  1  1  1  2  3  4  5  6  7  8  9 10 11 12 13 14 
 2  2  2  2  2  3  4  5  6  7  8  9 10 11 12 13 14 
 3  3  3  3  3  3  4  5  6  7  8  9 10 11 12 13 14 
 4  4  4  4  4  4  4  5  6  7  8  9 10 11 12 13 14 
 5  5  5  5  5  5  5  5  6  7  8  9 10 11 12 13 14 
 6  6  6  6  6  6  6  6  6  7  8  9 10 11 12 13 14
